{'Q1': [3.6885330408320325, 0.07109019019954095, 1.5231747404538287],
 'Q2': [3.717512807797202, 0.07527591733232472, -4.121506529487957e-05, 1.521402924616583],
 'Q3': [1.5231747404538287, 1.5046686106250917, 1.4966845515179228, 1.490447730223069, 1.4896106953961648],
 'Q4': [1.5363750956201583, 1.527974768375054, 1.520623404730927, 1.513816589512336, 1.5136185944446332],
 'Q5': 0.97221384,
 'Q6': [0, 20095, 0, 308, 0.5],
 'Q7': [88, 16332, 3763, 220, 0.4507731134255145],
 'Q8': [0.0, 0.0, 0.02, 0.026, 0.022851207478576992]}
